612

6116111161, 6. 111, 6666116 1111161, 11. 616,

1661161 1161611161 descriptio, 11. 666 67 - 667, 6. 6116116·
rom 1166111661 ducentium 61 canentium descriptio, 11.
270, oi 111111.

16111616 [66161661661111 conspergunt 111111 6611161616
umidi, 11. 2116, 61.

1111111616· 16166116 epod Tyrios 16116161161,16, 66·
16, 2.

161161 (opium) 61116116 61611161161111116,11. 621, 21-
6261.

Pyrrho, 1161611166111616161, 11. 271, 16.

Ρ11160111,1111111 regem, 1611611011111116611 6111111116·

- nem 11 Peloponnesum 66161111666111 61116116161111,
Parth. 16, 1 seqq.

1116616166, 10. 60610.

1111116, 11. 266, 26. 61111166 61111116,11. 266, 12. Py·
16111111 1661111616,11. 266, 16;116111166116116ι6 161 seori·
11616,16. 1. 60 seqq. 161 6611161166111111666111166161, 11.
1. 6261661611. 111161161111661, 16. Pythius Apollo,
11. 260, 161111116661661661 dori 16 61111661 111611161-
6116,66 11161Ιί16 11161161, 11. 266,66.Ρ111116116 61161
1166116 1111611116 6616611101, 11. 266, 16. 1116161111
1166116161611161116 61111106, 16616, 1161111166, 11. 262,
1, 7161. 1611166111 Amphictyones, 16. i. 6.

Ρ111166166111111161 1161111116,11.262,16, 60, 62.

11.

Rex 6111661, 11161, 60 1111.

1111611661,11). 606, 2. 11116111 111616 11161111, c. 617, 7.

11116166, 1161116116 11611116,1116616 16116,11. 670, 66 seqq„-
1611111111 1161116 1111166616 161116166161111616116, 11.
67616671, 16.

11116666 1661116 1611161161 6611161 16611111661161 reddidit,
16111. 22, 26. 1111111 6111111166 611166161111661116616
1666111661616 amorem 6611611616111,111. 1. 60 seqq.
Qoae 61161 116616616116661161161116 6116616616,
11. 26, 6 seqq. 11 (1616616116611 66111611, quod 61116
66 iiio 11111666 1066161, 6 Diomede 1616166161, 16. 1.

11 seqq.
11111161 modion, 10. 607, 12.

666661611616111116, 11116 111616116116111661,116116 oe·
16111, 161. 16, 17 seqq.

1111666111 11116,16661111,6 1111116111 1661616 stygem 6111-
1616, 1111616161. 126, iii-oi.

1111611116, 1661116 11111116 6111616611,Χ. 166,.6016111 216,
66; 216, 61 ; 216, 7, 611. 1111607, 61. 161 66116 16111-
11661, 11166111 216221 6116116111,Χ. 220, 21.
1111661 1111116161661111616,Χ. 221, 61, 67, 10.

1111166,1111661611111Ι1,1.1166111 66161, 61 11111111 oum 16-
1611 11661111166,Ρ6111.1,1. ·

116661, ’161111 z ojus 1111111 6116161166 1161611611111, B. 626
16616, 111 166, 1611.

116661 1611166 6661116116 1166111111,161. 66, 17-66. now

611161111616611111111111111161. 71, 1120. Vide Lo·
11οἭ1166166, 1161611116,1)611,1116111116, 1. 171, 6.

S.

6661611166 11661161111111611616616611111111166, J. 616, 16.

6666166116611116 1161111616 666161116,61611611116111161, 11.

sam 6611111161, 11. 161, 16.

6661166166 domesticum: 66166111661111 11111116, 16111116,
igno. 1116, 11. 161, 16, 11 seqq.

6616111116 1111166, 0. 161, 26.

86116116 1111111116 1111111161, L. 161,11·11.·

looex flisiomcus.

6611166, 1611661 66616 161616, Χ. 166, 261111. - semine
1166111116, Ρ11111. 16, 26.

61111116,116111 maritimos Tyriorum, 111. 16, 11 ; 17, 11.

sordeo 1 (1116666166, eorumque 11111161 proditionem
661116,Ρ11111. 11266611.

66116166 111111 6616611611 regem 11116161 huno 1161161111
116161, 11. 666161611.

Soioroino 6611166, 11111161 611116 (sotumi 616116 11166666),

61111ἶ6161117116611111, 1. 111, 1616161166 116161·

666ιῗ11111ι1161ξ3111176666161616111 pugno 11611111, 11. 262, 61

sm, 111161, 11616 proiectus 16111166 omia regiones
116116161611 1116 611161 1611616166, Ρ1111.1.111,11.16.

6661611 egypti, 11. 166, 11; 116, 16.

6611111616 66611111616111, 111. 612, 6, 16, de 1116116111111
6111166166, ui ridetur.

66116166 6111,1. 16617.

6616661 16616 insidendo 1161616 descripto 111. 661

semeio, 16111 616166, 1116111616, 161. 61, 66166, 21
16 1616 66161116, c. 612, 10. Semele 11111661,1. 167,

6611611611 1611616116 11116111111111. 112, 616.

6616111111,1161(11611161611111161, 1116111116 oum 16611161 111·
61111666 1161666116) 6616111616, 161. 60, 10-16.

Serre 61 1111111 eoo araneorum 6161111116 61 16116, 11. 166,
601111. soree hoplitae, 16161 1616161161, 11. 661, 60,
111 66212, 61. Sericum 611116 1111616116 ei 61611, 6.
117, 26.

6161116 16166606161166 116616,111. 610, 26.

6166116111, 6. 166, 61 3 Χ. 211, 16.

6161116,Ρα111. 1, 221 Χ. 211, 611 6. 616, 6, 11, rio:
insuia 11161166 61 6116161116, Χ. 216, 12 161111611ρά·
πλῳ noym. 266, 66. in 6161116 1161111111,1>6111.
211, 6.

Siculum 111616, 111111. 6,26. 61661111 1661 (1161111161 i.
161. 66, 22. 61611166 ione, inquo 611116 1161161111. 1
describitur 161. 16, 26-20. sioni· 11111116 Daphnidem
61111116, 1611120, 17. sicinius 161161, 1. 166, 26. domi 1
Siculorum 6611116 16111116,161. 16, 11. - 616616, 22- ¹
111161,6111111111111161111,116111. 20, 6.

Sidon, 161. 52, o³; 61, 61 adei, 810166 maritima
1616616611,161.27, 1. 11161 porinum 1666111116,11111·
1. 6 seqq. Sidoniorum 6666116116, 111. 27, 10. 1116·
oie 16116116,11. 616, 66161616.

simiae 1166111116 excerptus Ρ61·11.6.66, 11. 21.

siren, 11. 111, 6; 2. 661,11.611616,161. 61, mi·
³93 611, 121 11. 661, 66. Sirenes 6616161611, AB·
606, 6.

61111611,161 0661661161 16 11116116, 116161 petiero. quo·
modo 661166616111 11116111 111116116111111661, 6 1161111116 61111·
16111, Porio. 6. 6, 11. 6 ei 7.

Sidonius 111161 ( 1116111611. 11, 22. ¹

smaragdi virides, 11. 266, 61-66.’61116161111 166161.. i(
676, 621 666, 261 1666166111 ,6111161161 61 diiii,
qun 1161111 peonius 1111 1116111611, 11. 11611111
116 6116611111611161, 11. 666, 61161.

61111161, 161. 106, iorem 110, 22.

8661111116, 1111616661ιί6 1111116, Arsacidae 116166, 161 Bri!- ’
161111 61 1111166111 11611116, 66116161 61 6661111 1161611111
166 61166166 61 1616, 1. 616, 21 seqq.

60611166 666111611606 66611666166,Ε. 62111.

§obierim 1161116161, 11. 662, 26. Ejus 1611111166111111111 1
et 16111111 111661, 11. 166, 111116, 11. 6661111111· 1

11111111 16116161 1161 (1666161661 more 1616111666 11·

 

