11111111 1111111111. ,,,

11111111, 1 aliquis 1111111111 Χ. 212 , 12 111. 811111 pro· 211111,111111111111111111111 1111111111 1111111111,1111. 111,
111111, 11. 11211. 811 mmm 1111 γινᾰρχης regum 421111.
ahmin, 11. 227, 521 22121 221. 24. zi 1811111111 numentum 111 8111111, Χ. 211, 12; 217. 82.
1111111111 equos 1111111111, 11111, 11. 222, 12 11111 Tekmon, 11111211111111,11111. 111 1111.
101, 11. Pu 1111111 1111111111111 11111111 sapientum 211111, 21111111, 111111 12111111, Parin. 12, 7.
(2111111111) 1111111111, 11. 221, 2 111. Vide AEthiopes. 2111111, Γῆ, 1111111111 11111111 21111111111111, 1111111 11111.
8111, amm 11111 Persarum, c'. 171, 22. 81111 1111111 111 1111111, ι. 112, 121111. 2111111 1111111 1111111111 111.
1111111111,111.72,121111. 1111111111 supplicem 11111111 11111111, 12. 171, 41111
8111111111 tddudlurmhnpquodm 1111111 111111, quantum 1211111.
111 11111 gruum, 1111 11111 11111111, 11111111 2111111121,8111111111111111111111111111111111111-
1111.1111111111111111111111111111111,1.117,11. 11111111, 11111 1111, 11-11.
5111111111 1111111111 1111111111Ρ11111. 1. 1,ρ.1.1·111· Tempestas 111 111111 11 1112111111 111111111111111111111
1111111111 suppresso 1111111111 11. 111, 21, 21. 1111111. 11111111.,11. 1111.
2111111211, 11111, 21, 111. 111111111111111. ’ 2111111. Vide Procne. 11111 1111111111 111111111111111111111,
11111111111111111111. 111, 11. 11111111.
81111211112111111111111, Χ. 211, 11. 11111111,Ρ1111.22,27.

8111111111, 1111111111111111, 11. 212, 111. 1111111111, 211111 exemtus. 211112 21, 11.

81111111, 2111, 11. 21111111111111111111111, 111171. 2, 44.

1111111111, 111111 11111, 11111111 1111111 1111111 11 13111 1111111. 111· 71. 11· ’1111131112 111.
1111 1121111111, 1111111111, 1111111111 111 111111 11111111 331155. 10131213181331113333· 333311313373133·
111.11111,1.111111.11111111111111111111. Τ11111111111111111111.111 111.

1111111 : 1111111111111111111 1111). 11111, 111111, ⁰⁶¹¹* 3131111311·
5⁰. 2111111111111, ox 11111111 1111111111 111 Mu· 124111 11

mmm ulum, m, 1111, 1111111111 1111111111, 1111. 121, 111 11.

11111111,111111111 111111 11111, 11111111. moerim, 11111 tvvm amne 11111118· 111. 111

81111111111111111111,111111111121111,11.111,17. 373133· ,

⁸¹5¹· 111111 11111 11111111,1111. 121, 1,(1111111111 111111 111 mmm» 13311 33133030131333133·

11111111 narratur 11. 1. 12-11. 11 11111 1111111111 qm ”W 1211111111,111111111ν 333333Μῦ W*-

111111111ῑί11 11111111111111111111 11111 11111111 1111 111111 ⁰·⁶· WW·
1111111 1111111, 1111. 111, 111 1111. neap-mm 11 nm 111111121111111111111111-

Ι1111, 11111, 11, 1111211111. 11, ρ. 11. 11111111 111111 1111111 11111111
11111111,ο.111,11, 1111111111111111.1,1. 2.

sybam, 0, 429, ῃ, sybarim (muner), 0· ⁴25, 473 11111112. 111111111111 1112211117111111112211112128111111·
11111, 1111 11111111 11111, 1111111111( 1111111111111111111111 1111

Sym, Π. 311221 112, 21, 111; 171, 11, ³⁴, 111, po. 21116111 12111111111111, 11271, 17.
1111111 solo 1111111111111111111111, n, 271, 211111. Vide 3303333331 “¹¹⁰⁸ ⁰¹5m⁸⁰¹v ''⁰⁰¹³- 12, ⁸·

1111118111111111111111111111 1111111111111111111111111111· ΝΜΡῚΜΜΡΨΝ· 333133· .
111111 111111111111 11111111 1111111 1111111111 111111111111111· mm· Π· ²³¹³ ²²· ”⁰⁸⁶⁰ ’333333 *mm ⁸ 333333·

81231132331313311111111131815111911115111 111111 1111111 1111111111, 3333313330333 33313303111Ρ333Μ113-
conspiciuntur 11111111111111111111111111111111111111111 ’33033333 ³ mm 1331 3033333313 03 mmmm AEnia·
1111111 1111111, 111. 21, 1211111. 1111, 11. 212, 211. ’21111111 1811111111 1111111121 11111·

8112111121, 1121211112 11 11111111,11. 211, 221 212, 41 ; ο113ν 3132333331 33333137· 33233333 (33 ”mm Phe·
11111, 111, 11111. 111111111111111111111111111111. reum 11111111111111111)111111111 panemu-

,Μ’ parm, 1⁸, 1,11η1.,1111,11.ῃγ,,,,1, W, 1111111111 leucippo, Parth. 1, 11 1111. 27. minnan
00 415, ῃ, me! mlsslm 21 {mm ,4ΰῆ1 91, 11 94, 19.
syria, 11111. 1111111111 111, 11, 1111 1. 111, 11; 1111111111,11111.11,11; 31· 411121· 3111113311 1111111
111,11;111,11;111,11,11111.1111111111111, W· parm. ¹⁶» 1131111111 1111. ¹¹· ²⁷¹· ⁴¹
1.111,11;111,11,11. 1112331213311131131. 13· 1141211111 Wfflffiv
syrim 111111, 1111111 11111111,1111111 1111111,11 111 111· 33111131Ρ2133·33133· -
strumentum musicum 11111111, L. 152, 211121 114, 11· Mi& 0· 333133101 33333313 33113 31111333 313301 Π· 333.
21. Vide 11111111 1111111111 11111 1111111 8111111111 1111111111 ⁵ 30211· θ· ⁴⁴²· 33· 33133331 ιι13113311 ¹⁰ penna 1100331
11111111 virginitatis 1111111111,1111. 117, 21111. syringio “kbmoedfl 21133111 3133131131·Ιῆ 0· 3331 33331 Β·
1111111111111111111111 1111111111111111111111,112111, 333133· HM 30333331 Pam· ¹⁷. 33· TW! 313330

211117, 111111 2122. celebratum. 271, 2, 11 seqq.
81111111,Ρ11112 7, 2111 111. 122, 1. rum 8111111111

Τ. 1111111111, 1111111.
uncia, 2111111. 11, 7. 12112111111111111,1111.12, 21.-

1111111 11111111 1111 1111111 fungitur, 1.. 111, 11111. 2111111111, 71. 212, 2.
211111111111,Ραν111. 7, 111111 11 1111111111. 1111 211111, 0111, 11111111 1111811121111111,21111. 12, 71 11,

11112111111111111211111111111111111111111111111111· 11.

111111111111111111111111111,11.1.1·7.Τ11111111111111,111. 1111111 1111111, 111. 117, 12, 21, 111.

107, 12. 21111111 (1111111111), 0. 421, 21.
2111111111, parter Niobes. Parth. 21, 22. 21111111 1111111, 11111111111211111111111111111111111111, 11. 211, 111.

2111. 20, 22. 11111111 1111111111, 111. 11, 7. Tigris 11 8111111111 1111111111 emesenam, 1. 117, 11.
Tarentum, 111111 1111111. Χ· 115. 3313331313· 7111111111 (11) 2111111111 excerptus 2111111. 1. 22, 11. 21.
2111111, 111111 01111111, Χ. 1211211121 212, 11111111. 111111111111111111111111111111, c. 4111, 221111411,

111,1,111.,·1,11;111,11, 111 111. 11, 11. 11 111, 11111.

42.

 

